best cases
[0. 0. 1. 0. 1. 1. 0. 0. 0. 1.]
0.9504193975430812
[0. 1. 0. 1. 0. 0. 1. 1. 1. 0.]
0.9490827115490064
[0. 0. 1. 0. 0. 1. 0. 0. 0. 1.]
0.9487539097804042
[0. 1. 0. 1. 0. 0. 1. 1. 0. 1.]
0.9478707168667843
[0. 1. 0. 1. 0. 0. 1. 1. 1. 1.]
0.9474254691150648
[1. 0. 0. 0. 0. 0. 0. 0. 1. 0.]
0.9446298029752984
[0. 0. 1. 0. 0. 0. 0. 0. 1. 0.]
0.9446298029752984
[0. 1. 0. 1. 0. 0. 0. 0. 1. 1.]
0.944184555223579
[1. 0. 0. 0. 0. 0. 0. 0. 1. 1.]
0.944184555223579
[0. 1. 0. 0. 0. 0. 0. 0. 1. 1.]
0.944184555223579

