sentence level:
using all:
accuracy: 0.7
precision: 0.8148148148148148
recall: 0.46808510638297873
f1: 0.5945945945945945
using best f1:
accuracy: 0.7
precision: 0.8695652173913043
recall: 0.425531914893617
f1: 0.5714285714285714
best cases:
f1
[1. 1. 1. 0. 1. 1. 1. 0. 1. 0.]
0.7525969621983748
[1. 1. 1. 0. 1. 1. 1. 1. 1. 1.]
0.7520427591659805
[1. 1. 1. 1. 1. 1. 1. 0. 1. 0.]
0.7516301941793531
[1. 1. 1. 1. 1. 1. 1. 1. 0. 0.]
0.7505519600607758
[1. 1. 1. 0. 1. 1. 1. 0. 1. 1.]
0.7496279555829654
[1. 1. 1. 0. 1. 1. 1. 1. 0. 0.]
0.7493526671048704
[1. 1. 1. 1. 1. 1. 1. 1. 1. 1.]
0.7489012872623888
[1. 1. 1. 0. 1. 1. 1. 1. 1. 0.]
0.7488870668718735
[1. 1. 1. 1. 1. 1. 1. 1. 1. 0.]
0.7487673378327339
[1. 1. 0. 0. 1. 1. 1. 1. 1. 1.]
0.7481504316594701

token:
token level final: 
tswitch = [1, 1, 0, 1, 1, 0, 0, 0, 1, 0]
accuracy: 0.9407474931631723
precision: 0.8928571428571429
recall: 0.28735632183908044
f1: 0.4347826086956521

best cases
recall:
[1. 1. 1. 1. 1. 1. 1. 1. 0. 0.]
0.607840832818682
[1. 1. 1. 0. 0. 0. 1. 0. 0. 1.]
0.6076780816053604
[1. 1. 0. 1. 1. 0. 0. 0. 1. 0.]
0.6074379340753928
[1. 1. 1. 1. 0. 1. 1. 1. 0. 0.]
0.6073646423424914
[1. 1. 0. 0. 0. 1. 1. 0. 0. 1.]
0.6072544533058193
[1. 1. 0. 0. 0. 0. 1. 0. 0. 1.]
0.6072544533058193
[1. 1. 1. 0. 0. 0. 1. 0. 1. 1.]
0.607149629803163
[1. 1. 0. 0. 0. 0. 1. 0. 1. 1.]
0.6070274385498601
[1. 1. 0. 1. 1. 0. 0. 0. 1. 1.]
0.607018497288192
[1. 1. 1. 0. 0. 0. 1. 0. 0. 0.]
0.6069618722923745

precision:
[1. 0. 0. 1. 0. 0. 0. 0. 0. 0.]
0.9288478510253506
[0. 0. 0. 1. 0. 0. 0. 0. 0. 0.]
0.9268853290902795
[1. 1. 0. 0. 0. 0. 0. 0. 0. 0.]
0.9265183763312154
[1. 0. 0. 0. 0. 0. 0. 0. 0. 0.]
0.9248707436066939
[1. 1. 0. 1. 0. 0. 0. 0. 0. 0.]
0.924376514878942
[0. 1. 0. 1. 0. 0. 0. 0. 0. 0.]
0.9209913022225594
[0. 1. 0. 0. 0. 0. 0. 0. 0. 0.]
0.9209913022225594
[0. 0. 0. 0. 1. 0. 0. 0. 0. 0.]
0.9204560517294649
[1. 0. 0. 1. 1. 0. 0. 0. 0. 0.]
0.9194958159263447
[0. 0. 1. 0. 0. 0. 0. 0. 0. 0.]
0.9191710789863874

best cases
f1:
[1. 1. 0. 1. 1. 0. 0. 0. 1. 0.]
0.6490856589645055
[1. 1. 0. 1. 1. 0. 0. 0. 1. 1.]
0.6486889175566861
[1. 1. 1. 0. 0. 0. 1. 0. 0. 1.]
0.6486013615243345
[1. 1. 0. 0. 0. 1. 1. 0. 0. 1.]
0.6483776399359555
[1. 1. 0. 0. 0. 0. 1. 0. 0. 1.]
0.6483776399359555
[1. 1. 1. 0. 0. 0. 1. 0. 0. 0.]
0.6482454050179387
[1. 1. 1. 1. 1. 1. 1. 1. 0. 0.]
0.6478943365797538
[1. 1. 0. 0. 0. 0. 1. 0. 1. 1.]
0.6478788548434504
[1. 1. 1. 0. 0. 0. 1. 0. 1. 1.]
0.6478736892699551
[1. 1. 1. 1. 0. 1. 1. 1. 0. 0.]
0.6473277394927502